IoU:89.838786
IoU75:99.500000
IoU50:100.000000
5d5cm:51.500000
10d5cm:85.000000
R_loss:5.521041
T_loss:2.709992
Rec_loss:1063.289510
Seg_loss:3042.821793
