IoU:80.455137
IoU75:85.500000
IoU50:99.000000
5d5cm:8.000000
10d5cm:11.500000
R_loss:8.929551
T_loss:7.994081
Rec_loss:758.895872
Seg_loss:3077.971433
