IoU:80.129641
IoU75:81.500000
IoU50:98.000000
5d5cm:7.000000
10d5cm:11.000000
R_loss:9.295345
T_loss:8.281563
Rec_loss:777.236525
Seg_loss:3089.515592
