IoU:75.086521
IoU75:51.500000
IoU50:100.000000
5d5cm:1.000000
10d5cm:3.000000
R_loss:7.840853
T_loss:12.426631
Rec_loss:1445.670642
Seg_loss:8.077432
