IoU:89.469342
IoU75:100.000000
IoU50:100.000000
5d5cm:20.000000
10d5cm:64.000000
R_loss:6.643125
T_loss:4.193669
Rec_loss:226.766508
Seg_loss:8.134042
