IoU:77.033665
IoU75:85.000000
IoU50:99.000000
5d5cm:0.000000
10d5cm:0.500000
R_loss:10.005188
T_loss:9.026086
Rec_loss:1120.525686
Seg_loss:1003.094501
